subject activity TimeBodyAcceler~ TimeBodyAcceler~ TimeBodyAcceler~
     <int> <fct>               <dbl>            <dbl>            <dbl>
 1       1 LAYING              0.222         -0.0405           -0.113 
 2       1 SITTING             0.261         -0.00131          -0.105 
 3       1 STANDING            0.279         -0.0161           -0.111 
 4       1 WALKING             0.277         -0.0174           -0.111 
 5       1 WALKING~            0.289         -0.00992          -0.108 
 6       1 WALKING~            0.255         -0.0240           -0.0973
 7       2 LAYING              0.281         -0.0182           -0.107 
 8       2 SITTING             0.277         -0.0157           -0.109 
 9       2 STANDING            0.278         -0.0184           -0.106 
10       2 WALKING             0.276         -0.0186           -0.106 




subject           activity TimeBodyAccelerometer.mean...X TimeBodyAccelerometer.mean...Y
1        1             LAYING                      0.2215982                   -0.040513953
2        1            SITTING                      0.2612376                   -0.001308288
3        1           STANDING                      0.2789176                   -0.016137590
4        1            WALKING                      0.2773308                   -0.017383819
5        1 WALKING_DOWNSTAIRS                      0.2891883                   -0.009918505
6        1   WALKING_UPSTAIRS                      0.2554617                   -0.023953149
7        2             LAYING                      0.2813734                   -0.018158740
8        2            SITTING                      0.2770874                   -0.015687994
9        2           STANDING                      0.2779115                   -0.018420827
10       2            WALKING                      0.2764266                   -0.018594920
11       2 WALKING_DOWNSTAIRS                      0.2776153                   -0.022661416
   TimeBodyAccelerometer.mean...Z TimeGravityAccelerometer.mean...X TimeGravityAccelerometer.mean...Y
1                      -0.1132036                        -0.2488818                         0.7055498
2                      -0.1045442                         0.8315099                         0.2044116
3                      -0.1106018                         0.9429520                        -0.2729838
4                      -0.1111481                         0.9352232                        -0.2821650
5                      -0.1075662                         0.9318744                        -0.2666103
6                      -0.0973020                         0.8933511                        -0.3621534
7                      -0.1072456                        -0.5097542                         0.7525366
8                      -0.1092183                         0.9404773                        -0.1056300
9                      -0.1059085                         0.8969286                        -0.3700627
10                     -0.1055004                         0.9130173                        -0.3466071
11                     -0.1168129                         0.8618313                        -0.3257801
   TimeGravityAccelerometer.mean...Z TimeBodyAccelerometerJerk.mean...X TimeBodyAccelerometerJerk.mean...Y
1                         0.44581772                         0.08108653                       0.0038382040
2                         0.33204370                         0.07748252                      -0.0006191028
3                         0.01349058                         0.07537665                       0.0079757309
4                        -0.06810286                         0.07404163                       0.0282721096
5                        -0.06211996                         0.05415532                       0.0296504490
6                        -0.07540294                         0.10137273                       0.0194863076
7                         0.64683488                         0.08259725                       0.0122547885
8                         0.19872677                         0.07225644                       0.0116954511
9                         0.12974716                         0.07475886                       0.0103291775
10                        0.08472709                         0.06180807                       0.0182492679
11                       -0.04388902                         0.11004062                      -0.0032795908
   TimeBodyAccelerometerJerk.mean...Z TimeBodyGyroscope.mean...X TimeBodyGyroscope.mean...Y TimeBodyGyroscope.mean...Z
1                         0.010834236                -0.01655309               -0.064486124                 0.14868944
2                        -0.003367792                -0.04535006               -0.091924155                 0.06293138
3                        -0.003685250                -0.02398773               -0.059397221                 0.07480075
4                        -0.004168406                -0.04183096               -0.069530046                 0.08494482
5                        -0.010971973                -0.03507819               -0.090937129                 0.09008501
6                        -0.045562545                 0.05054938               -0.166170015                 0.05835955
7                        -0.001802649                -0.01847661               -0.111800825                 0.14488285
8                         0.007605469                -0.04547066               -0.059928680                 0.04122775
9                        -0.008371588                -0.02386239               -0.082039658                 0.08783517
10                        0.007895337                -0.05302582               -0.048238232                 0.08283366
11                       -0.020935168                -0.11594735               -0.004823292                 0.09717381
   TimeBodyGyroscopeJerk.mean...X TimeBodyGyroscopeJerk.mean...Y TimeBodyGyroscopeJerk.mean...Z
1                     -0.10727095                    -0.04151729                    -0.07405012
2                     -0.09367938                    -0.04021181                    -0.04670263
3                     -0.09960921                    -0.04406279                    -0.04895055
4                     -0.08999754                    -0.03984287                    -0.04613093
5                     -0.07395920                    -0.04399028                    -0.02704611
6                     -0.12223277                    -0.04214859                    -0.04071255
7                     -0.10197413                    -0.03585902                    -0.07017830
8                     -0.09363284                    -0.04156020                    -0.04358510
9                     -0.10556216                    -0.04224195                    -0.05465395
10                    -0.08188334                    -0.05382994                    -0.05149392
11                    -0.05810385                    -0.04214703                    -0.07102298
   TimeBodyAccelerometerMagnitude.mean.. TimeGravityAccelerometerMagnitude.mean..
1                            -0.84192915                              -0.84192915
2                            -0.94853679                              -0.94853679
3                            -0.98427821                              -0.98427821
4                            -0.13697118                              -0.13697118
5                             0.02718829                               0.02718829
6                            -0.12992763                              -0.12992763
7                            -0.97743549                              -0.97743549
8                            -0.96789362                              -0.96789362
9                            -0.96587518                              -0.96587518
10                           -0.29040759                              -0.29040759
11                            0.08995112                               0.08995112
   TimeBodyAccelerometerJerkMagnitude.mean.. TimeBodyGyroscopeMagnitude.mean.. TimeBodyGyroscopeJerkMagnitude.mean..
1                               -0.954396265                       -0.87475955                            -0.9634610
2                               -0.987364196                       -0.93089249                            -0.9919763
3                               -0.992367791                       -0.97649379                            -0.9949668
4                               -0.141428809                       -0.16097955                            -0.2987037
5                               -0.089447481                       -0.07574125                            -0.2954638
6                               -0.466503446                       -0.12673559                            -0.5948829
7                               -0.987741696                       -0.95001157                            -0.9917671
8                               -0.986774713                       -0.94603509                            -0.9910815
9                               -0.980489077                       -0.96346634                            -0.9839519
10                              -0.281424154                       -0.44654909                            -0.5479120
11                               0.005655163                       -0.16218859                            -0.4108727
   FrequencyBodyAccelerometer.mean...X FrequencyBodyAccelerometer.mean...Y FrequencyBodyAccelerometer.mean...Z
1                          -0.93909905                        -0.867065205                          -0.8826669
2                          -0.97964124                        -0.944084550                          -0.9591849
3                          -0.99524993                        -0.977070848                          -0.9852971
4                          -0.20279431                         0.089712726                          -0.3315601
5                           0.03822918                         0.001549908                          -0.2255745
6                          -0.40432178                        -0.190976721                          -0.4333497
7                          -0.97672506                        -0.979800878                          -0.9843810
8                          -0.98580384                        -0.957343498                          -0.9701622
9                          -0.98394674                        -0.959871697                          -0.9624712
10                         -0.34604816                        -0.021904810                          -0.4538064
11                          0.11284116                         0.278345042                          -0.1312908
   FrequencyBodyAccelerometer.meanFreq...X FrequencyBodyAccelerometer.meanFreq...Y
1                              -0.15879267                              0.09753484
2                              -0.04951360                              0.07594608
3                               0.08651536                              0.11747895
4                              -0.20754837                              0.11309365
5                              -0.30739520                              0.06322008
6                              -0.41873500                             -0.16069721
7                              -0.14648279                              0.25728947
8                               0.08519282                              0.15019396
9                               0.10851918                              0.06233781
10                             -0.14579549                              0.19858647
11                             -0.27371161                              0.01193096
   FrequencyBodyAccelerometer.meanFreq...Z FrequencyBodyAccelerometerJerk.mean...X
1                               0.08943766                             -0.95707388
2                               0.23882987                             -0.98659702
3                               0.24485859                             -0.99463080
4                               0.04972652                             -0.17054696
5                               0.29432270                             -0.02766387
6                              -0.52011479                             -0.47987525
7                               0.40253255                             -0.98581363
8                               0.09606468                             -0.98784879
9                               0.10446250                             -0.98097324
10                              0.06889952                             -0.30461532
11                              0.09036785                              0.13812068
   FrequencyBodyAccelerometerJerk.mean...Y FrequencyBodyAccelerometerJerk.mean...Z
1                              -0.92246261                              -0.9480609
2                              -0.98157947                              -0.9860531
3                              -0.98541870                              -0.9907522
4                              -0.03522552                              -0.4689992
5                              -0.12866716                              -0.2883347
6                              -0.41344459                              -0.6854744
7                              -0.98276825                              -0.9861971
8                              -0.97713970                              -0.9851291
9                              -0.97085134                              -0.9797752
10                             -0.07876408                              -0.5549567
11                              0.09620916                              -0.2714987
   FrequencyBodyAccelerometerJerk.meanFreq...X FrequencyBodyAccelerometerJerk.meanFreq...Y
1                                   0.13241909                                  0.02451362
2                                   0.25661082                                  0.04754378
3                                   0.31418294                                  0.03916190
4                                  -0.20926197                                 -0.38623714
5                                  -0.25316434                                 -0.33758970
6                                  -0.37702313                                 -0.50949553
7                                   0.15980833                                  0.12120642
8                                   0.30554682                                  0.02624486
9                                   0.33144928                                 -0.05693683
10                                 -0.07271016                                 -0.26357402
11                                 -0.14389815                                 -0.35751450
   FrequencyBodyAccelerometerJerk.meanFreq...Z FrequencyBodyGyroscope.mean...X FrequencyBodyGyroscope.mean...Y
1                                  0.024387945                      -0.8502492                     -0.95219149
2                                  0.092392003                      -0.9761615                     -0.97583859
3                                  0.138581479                      -0.9863868                     -0.98898446
4                                 -0.185530281                      -0.3390322                     -0.10305942
5                                  0.009372239                      -0.3524496                     -0.05570225
6                                 -0.551104284                      -0.4926117                     -0.31947461
7                                  0.190558218                      -0.9864311                     -0.98332164
8                                  0.092903063                      -0.9826214                     -0.98210092
9                                  0.039649818                      -0.9670371                     -0.97257615
10                                -0.254846439                      -0.4297135                     -0.55477211
11                                -0.234703932                      -0.1457760                     -0.36191382
   FrequencyBodyGyroscope.mean...Z FrequencyBodyGyroscope.meanFreq...X FrequencyBodyGyroscope.meanFreq...Y
1                      -0.90930272                        -0.003546796                         -0.09152913
2                      -0.95131554                         0.189153021                          0.06312707
3                      -0.98077312                        -0.120293021                         -0.04471920
4                      -0.25594094                         0.014784499                         -0.06577462
5                      -0.03186943                        -0.100453729                          0.08255115
6                      -0.45359721                        -0.187450248                         -0.47357479
7                      -0.96267189                         0.102611319                          0.04228067
8                      -0.95981482                         0.130523121                         -0.19214274
9                      -0.96062770                        -0.107416045                         -0.17116037
10                     -0.39665991                         0.007279680                         -0.04270093
11                     -0.08749447                        -0.037529802                          0.07708946
   FrequencyBodyGyroscope.meanFreq...Z FrequencyBodyAccelerometerMagnitude.mean..
1                         0.0104581257                                -0.86176765
2                        -0.0297839207                                -0.94778292
3                         0.1006076351                                -0.98535636
4                         0.0007733216                                -0.12862345
5                        -0.0756762068                                 0.09658453
6                        -0.1333739043                                -0.35239594
7                         0.0552985986                                -0.97511020
8                         0.0409472349                                -0.96127375
9                         0.0002268106                                -0.96405217
10                        0.1397521153                                -0.32428943
11                        0.1367749584                                 0.29342483
   FrequencyBodyAccelerometerMagnitude.meanFreq.. FrequencyBodyAccelerometerJerkMagnitude.mean..
1                                      0.08640856                                    -0.93330036
2                                      0.23665501                                    -0.98526213
3                                      0.28455529                                    -0.99254248
4                                      0.19064372                                    -0.05711940
5                                      0.11918714                                     0.02621849
6                                     -0.09774335                                    -0.44265216
7                                      0.26629821                                    -0.98537411
8                                      0.13093420                                    -0.98387470
9                                      0.11964996                                    -0.97706530
10                                     0.39320621                                    -0.16906435
11                                     0.09383213                                     0.22224741
   FrequencyBodyAccelerometerJerkMagnitude.meanFreq.. FrequencyBodyGyroscopeMagnitude.mean..
1                                          0.26639115                             -0.8621902
2                                          0.35185220                             -0.9584356
3                                          0.42222010                             -0.9846176
4                                          0.09382218                             -0.1992526
5                                          0.07649155                             -0.1857203
6                                          0.08535241                             -0.3259615
7                                          0.34175857                             -0.9721130
8                                          0.28006242                             -0.9718406
9                                          0.30487187                             -0.9617759
10                                         0.20750093                             -0.5307048
11                                         0.01883551                             -0.3208385
   FrequencyBodyGyroscopeMagnitude.meanFreq.. FrequencyBodyGyroscopeJerkMagnitude.mean..
1                               -0.1397750127                                 -0.9423669
2                               -0.0002621867                                 -0.9897975
3                               -0.0286057725                                 -0.9948154
4                                0.2688443675                                 -0.3193086
5                                0.3496138955                                 -0.2819634
6                               -0.2193033761                                 -0.6346651
7                                0.0185644722                                 -0.9902487
8                               -0.1063589092                                 -0.9898620
9                               -0.0661266046                                 -0.9778498
10                               0.3052838253                                 -0.5832493
11                               0.1039712417                                 -0.3801753
   FrequencyBodyGyroscopeJerkMagnitude.meanFreq.. Angle.TimeBodyAccelerometerMean.Gravity.
1                                      0.17648591                             0.0213659656
2                                      0.18477593                             0.0274415479
3                                      0.33449873                            -0.0002223407
4                                      0.19066345                             0.0604537474
5                                      0.19000071                            -0.0026951252
6                                      0.11427734                             0.0960860762
7                                      0.26480151                             0.0057918096
8                                      0.19472215                             0.0395284311
9                                      0.16066282                            -0.0136819153
10                                     0.12634461                            -0.0301017379
11                                    -0.05124796                            -0.0243291093
   Angle.TimeBodyAccelerometerJerkMean..GravityMean. Angle.TimeBodyGyroscopeMean.GravityMean.
1                                        0.003060407                             -0.001666985
2                                        0.029709788                              0.067698134
3                                        0.021963783                             -0.033793838
4                                       -0.007930378                              0.013059491
5                                        0.089931687                              0.063338285
6                                       -0.061083841                             -0.194699963
7                                       -0.006355576                              0.065286011
8                                       -0.003392867                              0.020973170
9                                        0.041182224                             -0.015103516
10                                       0.053400580                              0.021619677
11                                      -0.006375505                              0.366551180
   Angle.TimeBodyGyroscopeJerkMean.GravityMean. Angle.X.GravityMean. Angle.Y.GravityMean. Angle.Z.GravityMean.
1                                    0.08443716            0.4267062          -0.52034382          -0.35241311
2                                   -0.06488162           -0.5912475          -0.06046603          -0.21801723
3                                   -0.02792293           -0.7434079           0.27017503           0.01225285
4                                   -0.01874319           -0.7292472           0.27695302           0.06885891
5                                   -0.03997685           -0.7444838           0.26724578           0.06500471
6                                    0.06568357           -0.6471957           0.33476328           0.07416637
7                                   -0.02937101            0.6174234          -0.51973255          -0.47892823
8                                   -0.07620420           -0.7744361           0.15585728          -0.11822440
9                                    0.11232465           -0.6271801           0.33793791          -0.06789598
10                                  -0.08584708           -0.6619600           0.32144301          -0.03688928
11                                  -0.07358030           -0.6249856           0.31180031           0.05372940
   TimeBodyAccelerometer.std...X TimeBodyAccelerometer.std...Y TimeBodyAccelerometer.std...Z
1                    -0.92805647                  -0.836827406                   -0.82606140
2                    -0.97722901                  -0.922618642                   -0.93958629
3                    -0.99575990                  -0.973190056                   -0.97977588
4                    -0.28374026                   0.114461337                   -0.26002790
5                     0.03003534                  -0.031935943                   -0.23043421
6                    -0.35470803                  -0.002320265                   -0.01947924
7                    -0.97405946                  -0.980277399                   -0.98423330
8                    -0.98682228                  -0.950704499                   -0.95982817
9                    -0.98727189                  -0.957304989                   -0.94974185
10                   -0.42364284                  -0.078091253                   -0.42525752
11                    0.04636668                   0.262881789                   -0.10283791
   TimeGravityAccelerometer.std...X TimeGravityAccelerometer.std...Y TimeGravityAccelerometer.std...Z
1                        -0.8968300                       -0.9077200                       -0.8523663
2                        -0.9684571                       -0.9355171                       -0.9490409
3                        -0.9937630                       -0.9812260                       -0.9763241
4                        -0.9766096                       -0.9713060                       -0.9477172
5                        -0.9505598                       -0.9370187                       -0.8959397
6                        -0.9563670                       -0.9528492                       -0.9123794
7                        -0.9590144                       -0.9882119                       -0.9842304
8                        -0.9799888                       -0.9567503                       -0.9544159
9                        -0.9866858                       -0.9741944                       -0.9459271
10                       -0.9726932                       -0.9721169                       -0.9720728
11                       -0.9403618                       -0.9400685                       -0.9314383
   TimeBodyAccelerometerJerk.std...X TimeBodyAccelerometerJerk.std...Y TimeBodyAccelerometerJerk.std...Z
1                        -0.95848211                       -0.92414927                        -0.9548551
2                        -0.98643071                       -0.98137197                        -0.9879108
3                        -0.99460454                       -0.98564873                        -0.9922512
4                        -0.11361560                        0.06700250                        -0.5026998
5                        -0.01228386                       -0.10160139                        -0.3457350
6                        -0.44684389                       -0.37827443                        -0.7065935
7                        -0.98587217                       -0.98317254                        -0.9884420
8                        -0.98805585                       -0.97798396                        -0.9875182
9                        -0.98108572                       -0.97105944                        -0.9828414
10                       -0.27753046                       -0.01660224                        -0.5860904
11                        0.14724914                        0.12682801                        -0.3401220
   TimeBodyGyroscope.std...X TimeBodyGyroscope.std...Y TimeBodyGyroscope.std...Z TimeBodyGyroscopeJerk.std...X
1                 -0.8735439              -0.951090440                -0.9082847                    -0.9186085
2                 -0.9772113              -0.966473895                -0.9414259                    -0.9917316
3                 -0.9871919              -0.987734440                -0.9806456                    -0.9929451
4                 -0.4735355              -0.054607769                -0.3442666                    -0.2074219
5                 -0.4580305              -0.126349195                -0.1247025                    -0.4870273
6                 -0.5448711               0.004105184                -0.5071687                    -0.6147865
7                 -0.9882752              -0.982291609                -0.9603066                    -0.9932358
8                 -0.9857420              -0.978919527                -0.9598037                    -0.9897090
9                 -0.9729986              -0.971441996                -0.9648567                    -0.9793240
10                -0.5615503              -0.538453668                -0.4810855                    -0.3895498
11                -0.3207892              -0.415739145                -0.2794184                    -0.2439406
   TimeBodyGyroscopeJerk.std...Y TimeBodyGyroscopeJerk.std...Z TimeBodyAccelerometerMagnitude.std..
1                     -0.9679072                    -0.9577902                          -0.79514486
2                     -0.9895181                    -0.9879358                          -0.92707842
3                     -0.9951379                    -0.9921085                          -0.98194293
4                     -0.3044685                    -0.4042555                          -0.21968865
5                     -0.2388248                    -0.2687615                           0.01988435
6                     -0.6016967                    -0.6063320                          -0.32497093
7                     -0.9895675                    -0.9880358                          -0.97287391
8                     -0.9908896                    -0.9855423                          -0.95308144
9                     -0.9834473                    -0.9736101                          -0.95787497
10                    -0.6341404                    -0.4354927                          -0.42254417
11                    -0.4693967                    -0.2182663                           0.21558633
   TimeGravityAccelerometerMagnitude.std.. TimeBodyAccelerometerJerkMagnitude.std.. TimeBodyGyroscopeMagnitude.std..
1                              -0.79514486                              -0.92824563                       -0.8190102
2                              -0.92707842                              -0.98412002                       -0.9345318
3                              -0.98194293                              -0.99309621                       -0.9786900
4                              -0.21968865                              -0.07447175                       -0.1869784
5                               0.01988435                              -0.02578772                       -0.2257244
6                              -0.32497093                              -0.47899162                       -0.1486193
7                              -0.97287391                              -0.98551808                       -0.9611641
8                              -0.95308144                              -0.98447587                       -0.9613136
9                              -0.95787497                              -0.97667528                       -0.9539434
10                             -0.42254417                              -0.16415099                       -0.5530199
11                              0.21558633                               0.22961719                       -0.2748441
   TimeBodyGyroscopeJerkMagnitude.std.. FrequencyBodyAccelerometer.std...X FrequencyBodyAccelerometer.std...Y
1                            -0.9358410                        -0.92443743                        -0.83362556
2                            -0.9883087                        -0.97641231                        -0.91727501
3                            -0.9947332                        -0.99602835                        -0.97229310
4                            -0.3253249                        -0.31913472                         0.05604001
5                            -0.3065106                         0.02433084                        -0.11296374
6                            -0.6485530                        -0.33742819                         0.02176951
7                            -0.9897181                        -0.97324648                        -0.98102511
8                            -0.9895949                        -0.98736209                        -0.95007375
9                            -0.9772044                        -0.98905647                        -0.95790884
10                           -0.5577982                        -0.45765138                        -0.16921969
11                           -0.3431879                         0.01610462                         0.17197397
   FrequencyBodyAccelerometer.std...Z FrequencyBodyAccelerometerJerk.std...X FrequencyBodyAccelerometerJerk.std...Y
1                         -0.81289156                            -0.96416071                            -0.93221787
2                         -0.93446956                            -0.98749299                            -0.98251391
3                         -0.97793726                            -0.99507376                            -0.98701823
4                         -0.27968675                            -0.13358661                             0.10673986
5                         -0.29792789                            -0.08632790                            -0.13458001
6                          0.08595655                            -0.46190703                            -0.38177707
7                         -0.98479218                            -0.98725026                            -0.98498739
8                         -0.95686286                            -0.98945911                            -0.98080423
9                         -0.94643358                            -0.98300792                            -0.97352024
10                        -0.45522215                            -0.31431306                            -0.01533295
11                        -0.16203289                             0.04995906                             0.08083335
   FrequencyBodyAccelerometerJerk.std...Z FrequencyBodyGyroscope.std...X FrequencyBodyGyroscope.std...Y
1                              -0.9605870                     -0.8822965                    -0.95123205
2                              -0.9883392                     -0.9779042                    -0.96234504
3                              -0.9923498                     -0.9874971                    -0.98710773
4                              -0.5347134                     -0.5166919                    -0.03350816
5                              -0.4017215                     -0.4954225                    -0.18141473
6                              -0.7260402                     -0.5658925                     0.15153891
7                              -0.9893454                     -0.9888607                    -0.98191062
8                              -0.9885708                     -0.9868085                    -0.97735619
9                              -0.9845999                     -0.9749881                    -0.97103605
10                             -0.6158982                     -0.6040530                    -0.53304695
11                             -0.4082274                     -0.3794367                    -0.45873275
   FrequencyBodyGyroscope.std...Z FrequencyBodyAccelerometerMagnitude.std..
1                      -0.9165825                               -0.79830094
2                      -0.9439178                               -0.92844480
3                      -0.9823453                               -0.98231380
4                      -0.4365622                               -0.39803259
5                      -0.2384436                               -0.18653030
6                      -0.5717078                               -0.41626010
7                      -0.9631742                               -0.97512139
8                      -0.9635227                               -0.95557560
9                      -0.9697543                               -0.96051938
10                     -0.5598566                               -0.57710521
11                     -0.4229877                               -0.02147879
   FrequencyBodyAccelerometerJerkMagnitude.std.. FrequencyBodyGyroscopeMagnitude.std..
1                                     -0.9218040                            -0.8243194
2                                     -0.9816062                            -0.9321984
3                                     -0.9925360                            -0.9784661
4                                     -0.1034924                            -0.3210180
5                                     -0.1040523                            -0.3983504
6                                     -0.5330599                            -0.1829855
7                                     -0.9845685                            -0.9610984
8                                     -0.9841242                            -0.9613857
9                                     -0.9751605                            -0.9567887
10                                    -0.1640920                            -0.6517928
11                                     0.2274807                            -0.3725768
   FrequencyBodyGyroscopeJerkMagnitude.std..
1                                 -0.9326607
2                                 -0.9870496
3                                 -0.9946711
4                                 -0.3816019
5                                 -0.3919199
6                                 -0.6939305
7                                 -0.9894927
8                                 -0.9896329
9                                 -0.9777543
10                                -0.5581046
11                                -0.3436990
